14637
23753
40489
24834
10106
15946
28256
19391
14837
43161
18709
17288
45915
33018
16098
7044
16826
6228
8283
44813
8993
40247
26913
13961
8806
21840
44477
24986
37407
25188
45221
15798
34809
15679
9129
47235
10287
49464
35284
35246
26225
12677
13271
25144
19021
36482
22319
14377
1861
19280
5330
27488
4897
15977
41404
13314
26151
45481
4913
8921
17800
16448
8731
44159
49202
44950
3253
2058
48749
34959
29667
10427
21377
7022
3270
14019
8656
37699
28228
4949
47766
11982
5509
11177
35329
30694
4312
24474
31018
2910
8106
47342
6497
3435
8710
31480
2936
2672
28609
24448
42924
32498
17966
42025
11786
13995
6198
36187
42332
19901
36553
39870
47529
46306
33701
46845
49608
46
34751
41135
23972
43102
10957
14942
14502
36516
38509
32825
48462
31088
42167
1467
24948
5602
31732
2754
49195
46807
30814
12511
3744
30574
15046
25678
42349
32033
17654
12207
12600
6180
5709
26146
37354
19286
31223
37740
48472
40759
13140
22072
13952
1635
19824
31914
48671
27802
22408
18011
16059
7038
24392
10209
32191
20159
5975
26995
10414
46191
35613
34403
21984
5675
49052
46398
45898
20434
31660
8125
29321
11178
12550
38504
106
25245
14731
13685
24735
24655
33755
29895
31879
1888
40290
19868
7807
11240
33390
6318
28027
24357
26271
1851
25119
40223
21910
32610
25535
2984
37251
48280
18259
39349
39563
41661
22009
31263
49799
916
2206
43653
44303
26149
33601
7090
19438
16549
20594
12654
40219
19266
33043
27668
21859
22198
11477
4977
18641
33033
1014
45408
30572
39749
45246
31310
28177
12342
47123
752
37000
48335
20078
49864
30322
37581
530
37589
9597
42027
37135
4372
29825
1398
24756
2765
45310
31238
20749
32461
20014
22829
12276
8557
15725
27839
42456
4994
38332
8478
3018
45663
37187
34438
15794
45755
41456
19807
35972
2860
17768
29429
36827
19299
6216
6784
30955
9866
36711
19350
5166
16707
27548
44817
35685
36564
36026
28059
8042
26439
16748
6300
27043
39689
12595
24120
18637
3735
10051
12235
33878
17306
29969
29924
49120
23717
2675
41118
30011
23006
21616
30607
22655
29123
3290
49239
24013
3591
22438
42285
13121
12029
19089
30581
9604
41185
42874
12941
46848
45507
30624
26219
16754
28860
43961
29956
6060
29705
31384
1336
37264
44837
16449
2456
27154
20186
37980
42564
47115
1186
25274
24083
16087
37818
49701
25624
40457
2351
38992
3790
26429
31584
24919
29762
43269
37897
256
31230
4105
39386
47118
13990
38774
4792
21508
43089
11476
29348
33943
23051
29669
47926
34353
29289
37010
6579
26155
34871
20945
2323
43799
9192
49762
34503
5679
44667
6154
25354
18490
9415
20049
45843
28192
37773
23601
45774
9271
20034
4549
40516
40159
24713
1906
18182
42477
30636
144
41775
374
19231
321
4898
6129
14977
32966
2805
15427
12458
31429
14545
47268
19940
24165
12568
46081
43240
48698
28282
23088
49828
37953
25336
39147
37889
47017
7234
41509
4634
44024
49704
33362
10382
32156
3971
22903
34964
25668
40953
566
27275
30996
49230
35831
2012
42524
17633
26904
36721
38701
24323
32059
6978
17500
3455
7908
44122
46477
23298
35868
41603
32748
7784
28747
44226
29496
18245
29303
14261
33972
7787
44268
48544
37351
35705
11227
1175
30674
49717
20062
2481
38659
39656
45012
16386
38235
22546
15034
4533
5883
5446
24497
47606
2895
35524
38416
37274
43249
31042
39034
33406
6781
36180
22701
43994
27400
20215
47532
40831
31812
15189
9703
13344
18959
1134
34777
15525
22154
13900
42118
40540
17663
37973
35217
28608
7043
5574
16209
8602
16065
18207
31838
31946
45327
11304
26548
21463
1733
3604
22959
18094
39683
8716
21760
14046
9907
4959
30070
25835
17620
24114
44987
43450
16381
31083
33125
48727
24408
35069
16922
16810
30208
19825
5271
1639
36257
29148
4374
29889
36938
7483
15234
42651
3295
697
940
14001
2720
38780
25049
30286
25633
13440
46257
49281
1317
31121
19067
39802
41668
43274
7956
15404
7698
37875
33201
7588
23597
43730
1044
13932
25441
312
14449
42467
9802
2069
17487
20551
36595
38010
22722
42145
40886
46648
36208
42051
13642
31682
9391
37284
27111
8317
47191
43587
49571
23564
38876
30218
25429
30974
3914
28329
49611
45764
33881
1978
24829
20645
1672
21526
14250
5656
22175
9606
21756
1251
42722
11780
19365
6517
12340
39621
9041
23832
13950
33846
12130
19735
49900
18714
9349
4264
20317
41115
18828
24786
19074
21399
47370
5637
5799
33480
44280
23374
27036
2488
31174
19569
32098
13014
47877
33816
3596
47028
38532
32270
49205
3342
2072
48029
7361
23573
34225
47576
24587
29281
40835
43583
26392
23173
43910
14344
39860
27406
42798
42288
26485
17561
33751
21478
42625
11190
16450
39059
40073
47807
24015
2414
71
14397
31964
29533
29258
40656
39058
17271
23913
747
6291
10240
9825
19570
13234
38476
24200
11835
21171
21031
34073
35482
26525
8124
35249
21599
5418
48782
11886
41094
14481
24754
45122
17219
11028
45202
47654
12648
8971
25860
39190
16899
33909
34246
9198
11501
27388
11264
4432
45200
43871
14845
45452
36077
15998
10992
39576
27587
35285
37602
25610
17274
22491
22300
29754
2594
49902
34866
28826
13802
24968
19283
38899
11442
49495
16275
39610
23874
41100
25243
27720
12452
47767
13882
17075
30568
19314
16793
2967
38997
40058
42593
39687
16186
1101
28142
49070
30793
31910
11408
16712
28784
21956
36071
7018
47134
9445
23561
34840
772
16442
47315
2050
7486
9486
7852
20004
19114
17368
41717
2119
4673
15088
10242
22248
35966
43205
25248
2260
27835
24327
15128
45704
22302
28441
17672
21146
44053
11254
23187
10878
27121
44749
8132
34810
47679
13883
5818
36765
21179
31995
21590
10266
10110
43478
45
29551
24898
33071
44126
37569
11853
38843
43414
46941
42922
48900
42674
16066
23931
30408
31544
16934
39871
26885
19924
8227
1099
39360
11062
2710
15341
30456
13623
15395
17827
36797
29030
44385
29502
46885
37110
49043
13496
9525
9424
32510
17101
46233
3848
6077
15771
30101
36483
1170
15210
47706
7114
17161
14174
43084
67
30562
2034
39545
32102
24701
43258
14935
4325
28505
42177
46129
48221
30757
4281
30500
7295
16150
18236
10741
17349
26411
10836
19696
40168
8976
21024
20909
39287
25940
46426
20189
10631
14750
954
4903
48154
6409
34322
21837
34672
16680
44982
34518
42712
33852
820
627
6135
34846
27484
10780
40625
40488
14354
35004
31871
9555
35699
35390
33541
49380
41942
32064
3454
9021
39657
17436
17683
11817
38960
47247
4314
23621
35577
24293
307
41699
13991
19552
44974
38602
16306
46372
35318
20391
29435
1751
33937
18221
8484
49478
11241
15792
23195
32335
16721
22865
20349
37409
32365
46141
37843
24601
26964
21911
39821
27576
40164
40729
35366
37577
44032
4746
39820
2863
8513
8836
27598
1571
5451
10804
32186
15716
22341
23577
38666
35425
23243
46712
10832
28391
5481
41361
44831
33562
35583
24574
28823
30109
48506
27493
47044
35220
37207
40753
29681
29297
25507
41215
4382
37167
47566
10990
31609
31192
49575
3489
5025
37470
11293
17237
6171
41490
34012
47222
39273
11222
42427
33442
20658
36354
39651
11574
23201
36992
37294
20020
3605
45022
9165
22183
30338
977
21435
1966
36512
31240
15032
46538
19557
9089
9837
15560
10984
33512
32050
14787
7855
39882
32777
32980
19659
37467
36605
47908
41681
1460
45687
907
47014
33599
37445
44569
12964
46264
28594
33388
43770
28300
32579
16283
40793
43553
37665
36451
26547
28622
6028
4129
16287
49073
31820
18498
9752
4663
25971
37247
33150
46725
1464
49059
15940
5132
6806
15101
43708
3233
26628
49579
12035
34212
11939
81
33609
6484
21514
23122
34626
47095
26150
27134
2814
5342
40061
10448
10284
9487
29685
21349
32784
21600
7684
4987
48726
47353
45598
8745
18322
16100
26437
35187
21368
10721
12230
31133
20603
35511
35598
7712
32276
10358
33437
980
43271
24045
8169
6175
12145
32257
30778
18229
29254
4130
47799
42015
23606
29366
9767
17166
21243
12891
7640
30609
22738
18987
28056
45048
30894
20379
32989
38076
21025
3733
37545
37656
9003
47403
36950
28188
17648
7185
48488
33423
36725
14345
25093
2187
32211
41773
24121
10886
19510
17238
28883
27539
37430
17367
15250
17299
689
6819
40565
36333
25028
5606
14258
48672
13052
47943
29177
27777
15071
7766
45407
42280
22761
25216
7470
11893
12002
10663
38144
23730
1496
34293
38343
21818
33459
48609
17604
27384
10227
34448
38236
5849
47830
21772
3462
16424
43772
16160
30287
24492
25754
34563
33075
31926
38024
30560
9016
4861
34860
33760
16371
39477
27685
34024
20208
32908
26840
42003
47186
16761
17054
12383
38245
2255
14270
31422
24462
4883
7296
13227
34258
37077
28626
44081
1352
24071
13418
5859
19392
35977
23962
7462
31577
35535
40226
6219
1095
23878
28571
18651
2444
45581
35355
8133
26000
21161
28854
26229
30409
6732
26042
15417
22826
30718
47389
10857
35129
41260
42923
22706
27219
12820
26463
44917
48195
23974
11319
31806
10902
1806
11522
3204
44466
45601
16604
49616
28396
593
50
29015
27318
44691
42230
6415
34725
13504
25067
39684
24212
49187
47204
10238
5910
38675
12947
21329
41727
8112
35920
25982
10807
20964
10123
21089
35204
17601
38012
4964
33635
42109
38239
38394
33410
48326
40833
37553
30518
39513
31438
47452
10854
31526
45675
6986
5974
6375
26880
22006
31200
10795
43219
771
26050
24887
36747
1536
43394
18974
27457
31606
15558
6110
27073
22742
48093
3705
48603
6745
43296
13252
29553
40564
16274
29995
13385
16349
41718
43112
25078
18507
30732
39315
37047
14556
38149
18816
26619
46188
1389
34618
43995
36336
48644
49030
3742
30099
39103
12514
48339
25665
1334
38672
3560
27975
7612
17694
43131
42021
26350
9236
7293
10896
35717
30590
48918
41053
33455
12208
15857
44245
7525
21836
42100
38387
23774
23078
11389
6741
46483
46332
34344
34713
28868
44098
38410
3729
32535
32158
46744
49079
2457
28775
21813
29686
37091
14128
27156
36306
11815
20936
9086
26243
13069
32016
730
36044
12341
30462
12804
29314
12914
16252
22223
48880
8757
1197
35790
39945
9300
42322
10206
32118
15781
28186
552
42321
24277
26989
31797
25169
16970
43462
48662
26432
6095
38102
47256
7948
21419
2832
7708
11614
42165
9763
10927
19016
4642
36728
17777
34591
29600
4927
7460
14142
13048
27841
44215
31711
22420
5413
35911
32943
34544
45815
28959
298
30307
35651
6413
28700
27033
37947
36955
26428
11104
20586
39790
19351
27900
47645
4706
43280
49968
40903
20043
16993
8919
46979
39149
23999
7597
38342
25962
33238
27010
47212
26231
6146
39644
21100
32307
22124
41711
48661
28756
23769
6615
27723
33809
5743
1012
47272
26285
22840
16598
9164
38248
4660
45902
6940
18778
29264
35292
6269
29422
31173
7249
11610
38772
11793
10338
14754
6622
38468
39930
27028
31629
46924
3789
11019
2586
11165
39995
29713
24616
27487
677
18054
2930
10853
7136
8706
17296
22027
19158
24953
27515
23676
10765
1838
2251
42618
30245
658
716
5987
43497
23032
14471
23451
48845
3650
48991
18292
23907
18357
1720
9691
30373
9721
20478
16352
43186
8963
11142
12160
1250
6897
28966
10553
17490
16635
18076
31887
40598
30448
43207
38339
46447
9332
44463
46576
28693
2378
36175
40975
10199
3081
10487
11214
4471
48468
45552
5241
8413
49455
10874
37588
10247
37379
28574
44275
12430
13963
24753
16589
29796
24824
22739
34545
6686
21271
27993
26452
42913
25598
15951
41203
26770
32238
3999
38396
47518
17517
44051
41496
37452
46076
8578
6360
44189
40028
39730
19310
12662
14207
10683
17784
47196
38210
17394
9222
32926
39551
2273
5521
42249
32775
1569
24943
14621
45496
49843
43189
33844
42001
45210
9903
11290
8566
32502
17571
32917
48450
48933
41659
15938
38991
17524
22361
36693
32603
23694
30370
95
22174
21865
34430
21107
19362
49509
28277
14604
8385
10114
21884
31918
47781
14130
39926
12779
22123
35474
8788
13512
30799
4592
7686
2190
28057
4801
16446
26721
38143
4909
27721
23386
49252
38473
17842
12651
11579
47052
48989
13712
15760
7657
17043
3301
1261
4787
52
38219
42641
21154
45647
22144
48688
34470
21664
39972
3565
7485
3749
30842
44754
16296
48494
18622
40152
38744
44102
18252
31822
33443
42741
33350
14693
26345
17722
43867
9325
34540
31741
19340
44208
5740
28253
8625
9535
27108
5603
47259
27825
24577
25867
26371
14185
35841
4639
32760
48783
36269
18950
22146
38384
27307
26177
24609
19460
39275
29729
38106
9790
47092
49174
5466
9716
34002
7127
43675
43262
47652
11925
34571
21137
38121
31236
42271
36029
26118
12115
32583
6643
25555
20300
15199
30015
34523
22515
41474
37296
3241
21009
44536
35828
1417
15478
31834
41306
2734
44799
35059
7474
12061
1428
299
18280
853
39223
12291
15547
17127
23054
18876
15060
18807
6430
15348
28500
38945
20281
35638
25559
32008
48327
36912
19726
13762
42606
29250
14948
48560
39516
18756
12280
24
39561
15993
10084
40583
13000
40921
26189
9287
48290
42351
34056
2030
28847
33656
21096
40637
45573
4563
8702
17277
5127
30727
11270
49416
18569
32729
9862
4300
48629
562
19619
19582
19321
337
31721
19399
19078
4588
4566
49033
34484
48414
49787
30812
44725
40024
42199
32648
28694
45171
14577
31381
7598
8013
11038
39971
182
29005
34556
10030
18162
22770
18415
27352
15049
19073
47111
35378
23367
46424
11607
49180
45972
2308
43984
20866
12295
26253
47456
35936
34076
13476
45913
12509
46038
1210
5372
29376
28473
10117
26678
18373
40187
28140
40360
5464
17007
6519
6174
26711
20288
8482
32288
28552
47328
44793
31684
47195
2056
23977
27194
24008
19929
3801
37849
1929
40131
17407
17759
49305
27966
15481
42140
22274
32941
18792
3079
11806
14249
29959
40606
14366
727
49373
41732
32526
2416
46226
29724
40799
47303
47682
8089
44154
33232
10540
3251
37850
8876
34130
24201
21500
39031
8295
20802
13027
5206
27509
9263
44058
33942
6239
3060
42251
40631
32970
7363
37423
25092
4426
2198
6280
16410
32906
13771
23824
43812
26197
6859
37453
29081
48256
8110
21335
40814
487
29953
10085
4230
34915
18241
24777
49932
12848
25943
9143
27656
3321
29626
16282
27832
49090
33747
38923
35154
507
44544
30181
47000
9380
19785
36647
26073
48443
28665
20406
29878
15411
23997
26977
9527
29404
23497
31650
1779
28543
47846
7780
49126
24963
45689
9457
35615
43013
24526
8870
5692
25149
9493
28821
25184
14124
3095
28350
47590
8253
20514
38487
38077
29253
32068
785
49533
12214
6429
47024
40893
9662
21408
30284
38570
18593
35574
22544
37235
46050
5145
5865
5923
28390
30317
14906
36265
37006
16255
7907
23950
48114
14448
6668
19007
16382
35451
9590
36927
43053
48138
34450
43822
12307
31337
21205
13760
4003
27320
29142
27479
39099
47631
6877
29915
4263
16947
19128
6808
6861
17204
11428
19361
31081
39890
10518
37650
3002
34931
22753
48239
35991
33113
49538
13180
19826
47690
48738
22656
18947
37995
35304
16208
41187
38691
4727
27430
16983
31511
19034
7355
24678
32566
3945
1758
27462
5671
16045
1468
10168
32275
4578
42267
15633
49361
29195
49301
22265
32813
6056
49336
32872
31791
25613
37461
10609
12400
8974
29168
20244
48185
42122
46475
17613
18509
19771
37605
27308
12995
8261
29640
10196
42521
13738
26421
16950
47105
4595
41327
4520
9735
25933
49621
14695
45690
27333
13790
4976
24729
11944
24284
48954
10818
42112
33147
26955
48759
38529
20076
12649
23253
32954
33160
21206
22331
9426
48495
32313
4403
41466
16771
42291
15686
26608
39466
8564
46957
39350
16578
43818
8229
2751
17137
38539
46250
2932
24694
187
32367
32904
7118
22884
49418
48082
14316
10159
42219
43526
3172
16185
30167
29216
14857
21699
13967
26111
24159
26681
5893
7230
23696
39667
43923
26784
26814
31247
24331
14565
49632
35054
48535
39745
14453
15207
29064
20948
2819
41956
15823
25384
20277
35133
38217
25737
23431
30577
16581
16221
24741
28677
47973
13562
10193
46641
21970
26020
13250
10232
6386
43908
14176
28672
42543
33583
38680
7030
26822
11606
38578
20022
31461
21420
10539
8388
44715
5488
4596
34269
39934
3163
1454
13193
44778
31034
8234
20388
23888
33078
7650
33072
41596
30644
15620
36653
40136
24034
17055
16485
18915
35086
4542
18031
23663
9342
16213
38587
42952
1313
26442
19964
33584
44068
2046
21319
43631
49919
24291
47614
47472
47892
1941
18660
15113
7840
18985
48627
12602
4072
30693
33521
18181
44319
39219
7303
35707
20269
31204
24840
48928
33623
26736
983
49878
36019
46921
45276
2637
42856
20704
48875
33761
28267
11379
391
29860
44175
45792
3677
5741
15907
19412
31917
41472
1975
48919
5569
6208
20362
3016
45616
47232
1085
16090
44941
19651
29206
43114
44905
43904
45594
17256
30578
20563
15303
25064
23867
44458
19315
24918
15230
44918
46272
33501
28435
39731
31547
9559
27794
32159
21225
46500
44015
18192
1359
29743
21989
42969
31148
14583
45635
1443
46186
21312
8522
36751
27543
9159
28052
24001
10229
33778
37817
43137
4115
46373
40789
9899
20746
20576
29442
24581
47819
19255
33802
46293
1200
112
29997
27896
13572
19624
31664
45062
28668
36584
38614
458
25343
11933
14156
40962
20255
32258
9783
14149
44724
2385
34336
21934
14451
46349
38020
10577
11114
28073
44943
5879
26569
12089
6428
29309
9623
14307
31149
20765
28932
40894
30201
13716
28233
7622
7743
584
29338
19431
35882
34083
45177
47341
22385
40930
4027
3142
2683
25202
25048
8667
19420
4236
11729
3911
16077
33336
13060
12518
46441
15393
41675
49221
2099
47155
39589
3669
47333
14061
48998
5993
11515
29610
19822
20487
29322
16131
48622
25339
13209
34464
44985
2975
14717
5572
42364
46981
49884
14981
26205
6450
8540
7451
10217
21561
43357
46137
234
32842
34274
49814
38510
6094
31610
25823
37263
39406
47915
10816
25590
35891
41615
40201
37751
17989
27902
6317
24589
26786
27923
26085
20401
25389
11694
41437
38126
23857
25580
30241
26700
11966
43370
13863
36
28659
3685
15721
17498
5075
6133
3225
11670
3331
16096
44125
39574
7370
21197
15009
8922
44705
6652
18881
3332
43741
31491
6864
33420
13583
39769
48255
18249
48341
9554
13937
34257
42894
27531
6098
31282
9098
32769
48510
9861
46624
9458
9693
40852
13423
47013
44389
2079
16722
24325
47149
35597
12542
8247
23793
17481
10538
47982
28111
14523
49869
37250
39271
39294
32795
48756
8273
9494
23499
31800
17791
20440
29968
43927
33831
3266
5126
34486
41663
28549
30889
21259
28667
26801
12935
30922
21318
20698
43964
31950
31008
42662
34505
39430
27193
49921
25306
15497
33328
21306
31122
16430
23117
47650
21396
21400
41476
24068
2785
34425
38258
2335
18313
12887
23767
1587
48430
28990
4911
21541
49107
22353
778
21078
7190
10029
28974
47768
26165
35870
27065
45613
46450
26816
23505
33109
39909
7183
17327
35878
25857
519
40301
41898
24969
13478
12076
25875
45725
21285
38807
19323
9485
4416
8312
38128
5768
45960
36677
13503
3740
40747
18968
6267
7594
1429
33008
44928
15962
4348
3088
46927
48857
815
5706
38250
35261
19065
18059
29837
1433
42320
33157
49276
32999
9431
42429
26861
15055
2424
39296
659
28145
1238
36865
21786
16379
32218
12099
21086
39758
8225
32378
32587
13734
16103
30182
2913
20085
19405
40439
26719
49009
6509
46918
34602
34716
7241
7610
36533
40700
23980
666
7094
2279
40964
11700
32799
13061
35501
19733
49914
35957
9883
48794
45026
24606
2621
18769
10442
6106
47010
6898
9777
18146
8224
43486
13036
8912
18830
3372
7208
34607
39125
7523
2302
46411
1961
26434
34215
899
45345
32178
7372
49234
18225
40995
2505
26500
6718
14588
1067
24977
26170
18044
1552
24714
36979
16628
10756
3641
2711
29181
8878
26220
5398
9250
10014
13292
45999
8654
5609
2358
22700
27326
34979
43091
33963
2342
36970
8751
9686
38598
4678
12796
39536
10754
38418
45422
44586
2490
25677
12834
47713
45987
40899
24415
30314
14328
28900
20035
25611
31845
1998
29111
31567
35648
19494
26725
45942
41058
15160
22132
373
35995
47980
27536
33930
18058
6016
4042
46952
10501
28871
13601
16841
24657
14548
11144
44291
34951
42983
32504
36675
32924
24520
47900
6826
49023
18074
13918
32025
29144
32100
29414
2408
19934
29756
24853
33952
3697
46034
41393
20263
38990
33612
6675
45330
37521
28938
2300
31344
11911
17566
45437
26843
16272
42873
27387
25405
28630
35664
1725
12828
30752
17649
11774
10659
497
7294
30612
20400
30137
17163
35489
30476
6191
21472
22259
41343
34542
18955
13421
39508
49935
484
15169
22050
4825
29013
22812
23194
30357
42986
11519
4885
16377
1541
42215
18343
26618
21709
24518
11678
21433
27217
9865
10978
35470
25009
16530
8762
32664
12133
40648
48563
11763
43176
19386
28189
40682
47688
36011
32567
27956
9914
47500
36685
40730
43177
36943
14441
465
23585
18179
11662
3394
23112
28025
199
48389
12091
31218
18168
25428
13255
42220
1578
31353
7419
22068
7325
17286
24110
1962
40332
47661
47744
43067
43397
7148
34673
39193
6724
30443
26578
37159
1057
14517
22365
17354
34792
2840
12634
37717
11637
17627
19949
44444
36946
38619
31681
40287
28418
48589
20943
20341
15221
11524
8217
46084
37275
33723
10461
40054
2767
15872
21125
40238
13228
11334
27149
39974
41131
28064
23804
13705
18758
13764
8999
42274
8607
2908
16359
23414
25714
11913
36875
34831
4077
33997
4764
47921
10341
33294
29182
21104
28839
20769
37301
2405
36891
24058
8671
8559
35817
20872
20217
24848
440
15208
13167
9335
4730
38936
4628
29634
1461
28346
36572
29535
46118
34670
11589
4086
19382
27921
20382
11789
42727
6945
11744
49260
35149
49168
39956
6310
8606
10675
4354
31528
4189
46192
5667
23983
35789
8034
5024
13225
20580
25052
31374
46002
2400
8219
8496
24094
25010
38309
91
49642
7446
7815
16023
18130
42221
42008
12391
10234
700
48039
25733
15835
43766
2235
48477
42833
19685
19621
39585
32256
20410
45159
737
17114
3654
18444
41973
13349
9034
25165
25118
8470
40190
45871
43691
28404
13745
21265
3896
13625
3283
61
32370
44565
11946
14228
40827
43895
47168
39904
4888
33131
42075
22957
48803
24220
37329
47474
26699
48213
35927
25752
4008
42482
34255
32559
2544
8364
27776
20339
14211
9113
37035
49050
11520
31076
2411
12045
15875
39601
11503
25227
39362
244
47339
35026
7570
42290
11931
38518
42724
1930
6723
1813
40576
28671
34635
31637
5261
12596
6961
2952
39308
48922
47381
33121
37052
9549
32444
33588
31036
42317
44652
13670
16470
35734
6634
26458
26502
26671
42751
40123
22622
970
47882
11250
36509
23381
12836
20894
15681
45072
32768
17339
39623
18087
22189
9114
49561
38168
37184
3589
1074
17416
19692
30433
46357
25280
46479
41877
34228
17411
46634
9140
20590
42263
41686
36787
16227
41399
30134
39925
27088
9987
49158
49397
46482
39789
44405
48015
39304
2293
31590
33499
17062
49310
1665
35108
44464
8044
25431
6145
26164
1327
41746
8782
318
46559
1804
16957
31572
45853
35983
8451
5809
30498
23778
3915
26045
29371
342
28641
5711
10191
43831
40785
16229
49474
39677
21217
12668
4196
49943
38455
45698
12249
22378
42761
39928
44276
13491
46906
21534
29396
14358
6499
24935
20791
32524
30100
23686
35384
9428
22583
19076
39311
20414
34781
22473
24431
39010
16903
49186
5802
21647
46149
49984
16753
2831
10294
35338
8726
28363
33754
2141
24081
34089
34110
36610
29046
30378
6604
49906
37984
20723
49183
23491
37726
45526
12882
45222
26469
41414
43037
33600
39638
22878
43937
13237
1579
41449
14617
32642
46089
41281
39421
31502
1224
23592
40148
18149
23302
15431
5018
38865
48602
20792
4362
7729
37923
10306
22357
12166
9787
21064
27774
29240
23647
5550
4081
45981
23023
28413
12385
35288
43501
42959
11981
3145
30349
41372
26115
41220
39424
21875
12747
16010
2575
35727
41784
17269
28760
1245
45352
324
25365
33285
45298
44415
28488
9882
13489
11611
15258
44256
43008
46119
41850
25635
36794
34152
17807
19246
47419
1247
36889
38189
19944
28502
42192
4041
4810
46573
45695
32763
29720
30144
12485
794
26423
21506
24463
1156
11812
48949
8062
29214
1150
21502
508
46786
14654
18704
16591
47367
15886
17925
10067
21804
36230
19265
29863
5855
17988
26503
46429
20127
43270
48429
47670
26868
16517
34744
8752
35823
4550
19422
47898
41761
34603
6845
15289
12987
35388
23725
15557
26023
33871
21921
6170
45802
9023
43983
12257
20764
20634
105
38318
27038
34006
28336
38237
3503
33396
8182
32722
10313
5242
33197
7140
3411
40929
21068
7379
42675
28218
8980
12221
5959
39412
40543
47644
18720
21325
5607
33139
49658
35368
16538
35741
13829
41872
24901
22915
16335
22523
13577
47497
14752
7074
32277
48534
5054
22159
12644
7492
21846
41036
27875
12217
8558
46736
16437
16165
44892
3720
17150
32782
40546
44684
15731
19958
6159
22485
42142
46730
6786
27309
41584
10185
38253
13396
1547
10936
7954
26443
35362
15061
40809
29041
49363
49950
2026
11171
12480
31503
4481
3800
47443
30796
5714
2256
39692
47501
30923
9056
5193
46670
5368
24842
49967
42143
41263
29092
27014
15428
44622
45305
28583
25244
40327
3814
17535
13551
17439
19249
37909
247
38490
24766
6340
3173
35484
37742
43943
48692
32094
18262
19629
5202
40208
26532
34565
6253
17300
49712
11681
41172
22337
49564
26514
42747
24381
41013
15026
18694
37639
39102
6655
16725
47034
14070
13239
38882
3968
6557
9605
15407
7568
1745
19888
28127
31346
46757
16180
34393
36118
43865
44891
2866
1145
31157
38939
37044
22477
3649
31377
24056
16961
38857
36607
19884
31731
19209
36851
4057
13987
4809
39796
30451
47790
34008
18927
25003
4390
1335
28023
35448
46657
42830
27510
28125
49516
19520
25564
3557
13517
41604
36988
6222
47225
47511
6033
491
48864
20473
17244
40080
17314
11359
14979
47757
5505
44909
14381
15480
23242
33791
40133
4862
45214
44632
16812
19808
15299
12030
28532
25929
28548
3388
33097
20751
13810
17865
34496
39119
10819
24310
29234
19716
9123
3296
17051
11539
26402
48961
14687
10320
35593
46064
33736
7937
20415
338
31250
40102
49431
31005
25729
25396
41740
20206
45661
38182
22188
19316
32830
19480
35297
22874
3717
44302
34068
13919
47188
19188
25833
3534
41379
9618
49699
30529
18315
16700
14957
13047
33988
23402
49645
5473
47723
41921
20640
45172
19903
20883
18217
5336
10384
24667
22934
29882
23672
15689
26374
41667
3012
5230
2180
5270
36021
33243
46415
9417
7192
45750
31252
30040
6658
22802
10394
47750
20262
16318
29639
31614
19575
17970
10080
46068
18656
14701
14863
29218
23911
45156
21044
33475
43624
37479
10969
6206
44066
17040
37293
41123
34946
14259
43623
5812
15387
23940
22907
15911
11027
15335
11350
21955
14178
36973
24333
26690
9897
27118
12703
8888
32371
23087
35742
27894
42425
32992
15175
21091
45419
6750
38386
33575
29727
53
38824
44476
30184
28531
9928
27845
27341
22180
33395
35373
2549
35780
40232
4528
46669
24037
31009
13033
16521
25112
2945
28135
16134
8943
27799
8724
10940
38572
7352
12154
36081
42506
4685
28310
13854
4554
18371
13439
36951
17522
2978
10849
45878
19711
19250
39678
48433
39841
32284
14014
21515
47753
2521
14075
34014
2320
21604
8015
22161
38429
27205
34954
48223
43633
23315
49879
48276
27965
48981
44779
22241
12315
27117
8686
5947
8525
13535
17734
21552
1127
9052
38988
13840
29368
12164
5652
3423
5013
25410
43836
21639
14976
42381
5990
34678
35557
43710
22919
11051
42179
39307
9094
4474
44112
6234
34023
44747
7614
33386
21133
23768
12498
18863
25019
16780
17138
25947
23383
18826
37226
13154
6651
18319
20133
7226
32619
45966
49866
8497
587
31261
16758
38606
34289
8634
23575
42652
19165
40330
44757
11516
24417
45458
32065
8082
23134
35765
24785
47393
47455
37641
13313
24379
15519
17038
27286
13581
6346
21369
8501
29233
33507
49148
9434
46789
41951
30022
23249
31450
19734
39529
47751
3816
40027
23871
7602
43302
41098
46692
36182
11767
17850
817
37043
7235
39340
13843
7644
5427
32083
21706
3087
20315
48277
38842
19135
27664
42395
9050
42377
40407
43907
4102
49189
41614
36744
47886
2326
35074
455
13726
567
18757
14864
49758
36340
12407
6907
16555
4555
2216
31795
40262
12856
23502
1999
46707
9801
7730
41015
10833
17610
10281
24341
18805
20910
2427
27365
9881
40562
27189
41199
38868
45386
1780
33430
31626
14664
33128
8801
32009
14099
28430
42939
47262
37255
33527
19742
16913
49817
29570
27810
10671
30005
42443
28528
4393
41623
13851
19665
13454
22318
41453
24527
19962
7839
14006
48273
12265
8827
6383
42838
26398
13611
31662
9932
32187
43233
7165
17224
16611
23354
37858
24256
24993
358
47132
4514
14692
11119
11791
31509
15708
42431
49543
22052
24437
11420
49871
32701
36450
5745
41170
3362
25180
6226
32387
29341
8063
14229
24169
17187
26433
38789
6015
23546
14467
24912
40415
26848
4255
45011
9803
37314
34463
41063
39160
8514
23365
3404
22529
39664
45416
3993
34592
27123
27812
42365
48336
42446
5761
23311
31355
4745
18344
43020
3515
32352
42013
29942
31239
12750
22640
21713
787
44699
28891
46795
7779
29456
49317
3170
29723
48887
35209
42078
10350
42419
8096
41226
28908
4341
26573
43755
36394
42887
25353
33487
10640
49041
23279
23629
45627
25158
14848
21624
43228
41246
23028
42172
36673
35883
48410
39471
34574
14094
39183
27619
33279
26751
49639
44490
15020
33221
18598
22035
45117
49039
48369
48861
48246
35180
12314
46045
37230
28297
31919
16330
31428
16694
22463
7621
45762
22170
26565
4444
38198
20432
43336
47120
9603
30813
46544
43469
9388
22202
33284
26609
1618
16688
30085
36866
26028
31376
4140
14108
30324
37730
35732
14809
35549
18755
34485
276
48189
42041
40328
42777
16196
17877
42812
42698
3867
36915
22664
33975
19400
4386
6444
35382
34455
30114
7027
49210
23829
2382
2496
3587
33242
8378
14576
48993
45754
13671
29775
40019
14493
2384
12701
48380
41046
12809
16769
8843
37027
1972
25698
15540
35314
15877
18164
23116
12997
11427
45054
8329
5595
20708
26005
12285
35310
8142
27381
12350
34783
2406
15511
39699
29317
19369
10607
16279
32061
42499
8904
33384
49807
8852
48855
12933
11687
6338
10920
9773
16253
25398
24351
42575
27648
27229
24572
27578
32149
31080
35465
34338
43887
26237
38584
34756
44087
32596
37593
4256
29666
27537
31180
41858
6424
20924
49404
49069
8308
29858
16727
49819
7866
9237
31073
6913
27025
35716
7713
3322
13520
11645
11344
17963
18574
4955
36520
3258
11728
41621
39984
14386
37142
14780
49452
15463
8349
25884
1724
36189
21184
9053
38956
49825
17291
39006
381
11885
26340
43384
22267
41150
35796
48997
2522
33346
32545
30523
30262
27446
22790
4297
10624
9999
43576
39761
49
7868
18973
22142
30172
28295
5782
40699
13334
48927
26095
24360
16554
31862
38005
31746
13257
48293
35584
25485
11922
29706
8955
36729
24133
